11-28-2023, 19:00:47:304, sync, seq, vsense, vrefint, temp1, temp2, temp3, temp4, busvmon, busimon, 2v5mov, 3v3mon, 5vmon, n3v3mon, n5vmon, 15vmon, 5vrefmon, n200vmon, n800vmon
11-28-2023, 19:00:48:900, , , , , , , , , , , , , , , , , , , 
11-28-2023, 19:00:49:3, 0xCCCC , 5465 , 1.397, 1.462, 23.120, 23.180, 23.680, 23.680, 1.830, 1.552, 1.582, 1.437, 1.620, 1.478, 1.462, 1.502, 1.577, 1.604, 1.459
11-28-2023, 19:00:49:144, 0xCCCC , 5466 , 1.484, 1.497, 23.600, 23.180, 23.620, 23.680, 1.732, 1.373, 2.051, 1.782, 2.032, 2.030, 2.042, 1.893, 1.983, 1.836, 1.604
11-28-2023, 19:00:49:251, 0xCCCC , 5467 , 1.421, 1.470, 23.600, 23.180, 23.620, 23.680, 1.788, 1.459, 1.677, 1.689, 1.675, 1.704, 1.675, 1.617, 1.656, 1.614, 1.492
11-28-2023, 19:00:49:384, 0xCCCC , 5468 , 1.396, 1.461, 23.600, 23.180, 23.680, 23.680, 1.808, 1.503, 1.656, 1.532, 1.544, 1.566, 1.571, 1.617, 1.656, 1.614, 1.492
11-28-2023, 19:00:49:520, 0xCCCC , 5469 , 1.493, 1.501, 23.600, 23.120, 23.680, 23.680, 1.817, 1.521, 1.642, 1.475, 1.489, 1.626, 1.531, 1.462, 1.505, 1.594, 1.491
11-28-2023, 19:00:49:629, 0xCCCC , 5470 , 1.490, 1.501, 23.600, 23.120, 23.680, 23.680, 1.817, 1.521, 1.642, 1.475, 1.489, 1.626, 1.531, 1.462, 1.505, 1.594, 1.491
11-28-2023, 19:00:49:739, 0xCCCC , 5471 , 1.488, 1.500, 23.600, 23.180, 23.620, 23.680, 1.822, 1.537, 1.634, 1.449, 1.468, 1.650, 1.516, 1.443, 1.506, 1.616, 1.473
11-28-2023, 19:00:49:881, 0xCCCC , 5472 , 1.485, 1.497, 23.600, 23.180, 23.680, 23.680, 1.825, 1.537, 1.634, 1.449, 1.468, 1.650, 1.516, 1.443, 1.506, 1.616, 1.473
11-28-2023, 19:00:50:267, 0xCCCC , 5473 , 1.486, 1.499, 23.600, 23.120, 23.680, 23.680, 1.819, 1.536, 1.624, 1.445, 1.459, 1.646, 1.510, 1.442, 1.507, 1.616, 1.469
11-28-2023, 19:00:50:901, 0xCCCC , 5476 , 1.421, 1.471, 23.120, 23.180, 23.620, 23.680, 1.818, 1.541, 1.610, 1.440, 1.621, 1.508, 1.493, 1.617, 1.439, 1.608, 1.460
11-28-2023, 19:00:51:366, 0xCCCC , 5481 , 1.413, 1.467, 23.120, 23.180, 23.620, 23.680, 1.821, 1.547, 1.612, 1.444, 1.649, 1.503, 1.492, 1.595, 1.478, 1.610, 1.461
11-28-2023, 19:00:52:5, 0xCCCC , 5485 , 1.503, 1.316, 23.120, 23.180, 23.680, 23.680, 1.820, 1.543, 1.605, 1.440, 1.642, 1.497, 1.485, 1.500, 1.626, 1.604, 1.458
11-28-2023, 19:00:53:146, 0xCCCC , 5490 , 1.487, 1.502, 23.600, 23.120, 23.620, 23.680, 1.830, 1.547, 1.616, 1.442, 1.659, 1.516, 1.498, 1.455, 1.511, 1.615, 1.472
11-28-2023, 19:00:53:745, 0xCCCC , 5499 , 1.413, 1.470, 23.120, 23.120, 23.620, 23.680, 1.822, 1.545, 1.608, 1.444, 1.647, 1.505, 1.489, 1.595, 1.479, 1.610, 1.463
11-28-2023, 19:00:54:246, 0xCCCC , 5504 , 1.414, 1.467, 23.600, 23.120, 23.620, 23.680, 1.817, 1.543, 1.601, 1.441, 1.638, 1.505, 1.489, 1.595, 1.479, 1.610, 1.463
11-28-2023, 19:00:54:883, 0xCCCC , 5508 , 1.416, 1.467, 23.600, 23.120, 23.680, 23.680, 1.822, 1.543, 1.604, 1.440, 1.645, 1.505, 1.489, 1.595, 1.479, 1.610, 1.463
11-28-2023, 19:00:58:220, 0xCCCC , 5513 , 1.504, 1.319, 23.600, 23.180, 23.620, 23.750, 1.821, 1.543, 1.607, 1.442, 1.645, 1.499, 1.489, 1.496, 1.644, 1.610, 1.462
11-28-2023, 19:00:58:859, 0xCCCC , 5517 , 1.414, 1.467, 23.600, 23.180, 23.620, 23.680, 1.820, 1.535, 1.621, 1.440, 1.455, 1.641, 1.507, 1.585, 1.498, 1.614, 1.466
11-28-2023, 19:00:59:365, 0xCCCC , 5522 , 1.414, 1.467, 23.600, 23.120, 23.620, 23.680, 1.827, 1.547, 1.610, 1.438, 1.652, 1.508, 1.492, 1.597, 1.481, 1.610, 1.464
11-28-2023, 19:00:59:471, 0xCCCC , 5526 , 1.412, 1.467, 23.600, 23.120, 23.620, 23.680, 1.822, 1.545, 1.607, 1.442, 1.643, 1.502, 1.486, 1.594, 1.476, 1.609, 1.463
11-28-2023, 19:00:59:969, 0xCCCC , 5527 , 1.415, 1.467, 23.600, 23.120, 23.620, 23.680, 1.827, 1.549, 1.612, 1.442, 1.656, 1.511, 1.496, 1.596, 1.482, 1.611, 1.467
11-28-2023, 19:01:00:77, 0xCCCC , 5531 , 1.399, 1.459, 23.600, 23.180, 23.680, 23.680, 1.834, 1.558, 1.590, 1.440, 1.629, 1.488, 1.471, 1.508, 1.585, 1.607, 1.465
11-28-2023, 19:01:00:219, 0xCCCC , 5532 , 1.415, 1.467, 23.600, 23.180, 23.680, 23.680, 1.823, 1.547, 1.611, 1.445, 1.653, 1.488, 1.471, 1.508, 1.585, 1.607, 1.465
11-28-2023, 19:01:00:359, 0xCCCC , 5533 , 1.401, 1.463, 23.600, 23.180, 23.680, 23.680, 1.821, 1.541, 1.618, 1.446, 1.525, 1.471, 1.502, 1.521, 1.597, 1.612, 1.467
11-28-2023, 19:01:00:462, 0xCCCC , 5534 , 1.496, 1.505, 23.600, 23.180, 23.680, 23.680, 1.821, 1.540, 1.623, 1.446, 1.481, 1.585, 1.503, 1.471, 1.516, 1.618, 1.465
11-28-2023, 19:01:00:601, 0xCCCC , 5535 , 1.415, 1.467, 23.600, 23.120, 23.680, 23.680, 1.817, 1.536, 1.620, 1.441, 1.603, 1.532, 1.499, 1.585, 1.471, 1.610, 1.463
11-28-2023, 19:01:00:706, 0xCCCC , 5536 , 1.404, 1.466, 23.120, 23.120, 23.620, 23.680, 1.829, 1.541, 1.643, 1.451, 1.519, 1.494, 1.524, 1.531, 1.611, 1.628, 1.478
11-28-2023, 19:01:00:841, 0xCCCC , 5537 , 1.492, 1.466, 23.120, 23.120, 23.620, 23.680, 1.829, 1.541, 1.643, 1.451, 1.519, 1.494, 1.524, 1.531, 1.611, 1.628, 1.478
11-28-2023, 19:01:00:980, 0xCCCC , 5538 , 1.492, 1.503, 23.600, 23.120, 23.680, 23.680, 1.824, 1.545, 1.634, 1.451, 1.478, 1.630, 1.516, 1.456, 1.509, 1.623, 1.474
11-28-2023, 19:01:01:85, 0xCCCC , 5539 , 1.486, 1.497, 23.600, 23.120, 23.680, 23.680, 1.817, 1.536, 1.621, 1.441, 1.459, 1.631, 1.505, 1.440, 1.509, 1.623, 1.474
11-28-2023, 19:01:01:225, 0xCCCC , 5540 , 1.487, 1.497, 23.600, 23.120, 23.680, 23.680, 1.817, 1.536, 1.621, 1.441, 1.459, 1.631, 1.505, 1.440, 1.509, 1.623, 1.474
11-28-2023, 19:01:01:330, 0xCCCC , 5541 , 1.486, 1.498, 23.600, 23.180, 23.680, 23.680, 1.817, 1.536, 1.626, 1.442, 1.461, 1.646, 1.509, 1.442, 1.505, 1.613, 1.468
11-28-2023, 19:01:01:471, 0xCCCC , 5542 , 1.488, 1.499, 23.600, 23.180, 23.680, 23.680, 1.822, 1.544, 1.634, 1.449, 1.465, 1.651, 1.517, 1.446, 1.512, 1.620, 1.473
11-28-2023, 19:01:01:603, 0xCCCC , 5543 , 1.484, 1.499, 23.600, 23.120, 23.620, 23.680, 1.819, 1.537, 1.624, 1.443, 1.455, 1.643, 1.508, 1.438, 1.503, 1.617, 1.467
11-28-2023, 19:01:01:707, 0xCCCC , 5544 , 1.491, 1.499, 23.600, 23.120, 23.620, 23.680, 1.819, 1.537, 1.624, 1.443, 1.455, 1.643, 1.508, 1.438, 1.503, 1.617, 1.467
11-28-2023, 19:01:01:848, 0xCCCC , 5545 , 1.486, 1.498, 23.600, 23.180, 23.620, 23.680, 1.821, 1.538, 1.626, 1.442, 1.461, 1.648, 1.513, 1.444, 1.506, 1.610, 1.466
11-28-2023, 19:01:01:945, 0xCCCC , 5546 , 1.488, 1.497, 23.120, 23.180, 23.620, 23.680, 1.821, 1.543, 1.628, 1.447, 1.459, 1.646, 1.514, 1.445, 1.510, 1.615, 1.471
11-28-2023, 19:01:02:82, 0xCCCC , 5547 , 1.486, 1.497, 23.120, 23.180, 23.620, 23.680, 1.821, 1.543, 1.628, 1.447, 1.459, 1.646, 1.514, 1.445, 1.510, 1.615, 1.471
11-28-2023, 19:01:02:219, 0xCCCC , 5548 , 1.489, 1.499, 23.600, 23.180, 23.620, 23.680, 1.827, 1.548, 1.638, 1.448, 1.471, 1.658, 1.525, 1.454, 1.518, 1.625, 1.478
11-28-2023, 19:01:02:327, 0xCCCC , 5549 , 1.488, 1.496, 23.600, 23.120, 23.620, 23.680, 1.824, 1.543, 1.629, 1.445, 1.463, 1.648, 1.517, 1.445, 1.509, 1.618, 1.468
11-28-2023, 19:01:02:573, 0xCCCC , 5550 , 1.483, 1.495, 23.600, 23.120, 23.620, 23.680, 1.817, 1.536, 1.622, 1.443, 1.454, 1.641, 1.508, 1.441, 1.503, 1.615, 1.468
11-28-2023, 19:01:02:713, 0xCCCC , 5552 , 1.489, 1.499, 23.120, 23.120, 23.620, 23.680, 1.823, 1.544, 1.633, 1.450, 1.465, 1.651, 1.519, 1.448, 1.512, 1.623, 1.475
11-28-2023, 19:01:02:820, 0xCCCC , 5553 , 1.489, 1.501, 23.600, 23.120, 23.620, 23.680, 1.827, 1.546, 1.637, 1.450, 1.467, 1.652, 1.521, 1.446, 1.512, 1.623, 1.475
11-28-2023, 19:01:02:959, 0xCCCC , 5554 , 1.483, 1.501, 23.600, 23.120, 23.620, 23.680, 1.827, 1.546, 1.637, 1.450, 1.467, 1.652, 1.521, 1.446, 1.512, 1.623, 1.475
11-28-2023, 19:01:03:95, 0xCCCC , 5555 , 1.489, 1.497, 23.600, 23.120, 23.680, 23.680, 1.821, 1.539, 1.629, 1.447, 1.462, 1.646, 1.515, 1.446, 1.507, 1.621, 1.473
11-28-2023, 19:01:03:201, 0xCCCC , 5556 , 1.490, 1.503, 23.600, 23.120, 23.680, 23.680, 1.824, 1.543, 1.636, 1.448, 1.467, 1.653, 1.519, 1.448, 1.511, 1.623, 1.475
11-28-2023, 19:01:03:340, 0xCCCC , 5557 , 1.492, 1.501, 23.600, 23.180, 23.680, 23.680, 1.822, 1.543, 1.637, 1.448, 1.470, 1.655, 1.522, 1.451, 1.514, 1.623, 1.475
11-28-2023, 19:01:03:437, 0xCCCC , 5558 , 1.484, 1.499, 23.600, 23.180, 23.680, 23.680, 1.819, 1.536, 1.626, 1.444, 1.455, 1.642, 1.510, 1.439, 1.503, 1.617, 1.470
11-28-2023, 19:01:03:578, 0xCCCC , 5559 , 1.491, 1.503, 23.600, 23.180, 23.680, 23.680, 1.819, 1.536, 1.626, 1.444, 1.455, 1.642, 1.510, 1.439, 1.503, 1.617, 1.470
11-28-2023, 19:01:03:717, 0xCCCC , 5560 , 1.487, 1.499, 23.120, 23.120, 23.680, 23.680, 1.821, 1.542, 1.632, 1.448, 1.462, 1.645, 1.516, 1.447, 1.509, 1.619, 1.470
11-28-2023, 19:01:03:824, 0xCCCC , 5561 , 1.489, 1.499, 23.120, 23.120, 23.620, 23.680, 1.823, 1.544, 1.635, 1.451, 1.467, 1.650, 1.521, 1.448, 1.511, 1.623, 1.473
11-28-2023, 19:01:03:969, 0xCCCC , 5562 , 1.486, 1.497, 23.120, 23.120, 23.620, 23.680, 1.819, 1.538, 1.627, 1.442, 1.458, 1.644, 1.510, 1.440, 1.503, 1.615, 1.469
11-28-2023, 19:01:04:76, 0xCCCC , 5563 , 1.487, 1.497, 23.600, 23.120, 23.620, 23.680, 1.824, 1.544, 1.634, 1.448, 1.467, 1.652, 1.519, 1.442, 1.508, 1.621, 1.472
11-28-2023, 19:01:04:189, 0xCCCC , 5564 , 1.486, 1.495, 23.600, 23.180, 23.620, 23.680, 1.823, 1.543, 1.638, 1.451, 1.469, 1.653, 1.525, 1.444, 1.511, 1.624, 1.473
11-28-2023, 19:01:04:333, 0xCCCC , 5565 , 1.490, 1.500, 23.120, 23.180, 23.680, 23.680, 1.824, 1.546, 1.637, 1.449, 1.467, 1.655, 1.524, 1.448, 1.514, 1.623, 1.475
11-28-2023, 19:01:04:441, 0xCCCC , 5566 , 1.486, 1.495, 23.120, 23.180, 23.620, 23.680, 1.820, 1.540, 1.626, 1.445, 1.458, 1.645, 1.513, 1.444, 1.507, 1.618, 1.467
11-28-2023, 19:01:04:551, 0xCCCC , 5567 , 1.486, 1.496, 23.120, 23.180, 23.620, 23.680, 1.821, 1.541, 1.630, 1.447, 1.462, 1.648, 1.517, 1.444, 1.508, 1.618, 1.467
11-28-2023, 19:01:04:691, 0xCCCC , 5568 , 1.489, 1.497, 23.120, 23.120, 23.620, 23.680, 1.821, 1.541, 1.630, 1.447, 1.462, 1.648, 1.517, 1.444, 1.508, 1.618, 1.467
11-28-2023, 19:01:04:837, 0xCCCC , 5569 , 1.488, 1.497, 23.600, 23.120, 23.620, 23.680, 1.821, 1.541, 1.623, 1.449, 1.459, 1.645, 1.511, 1.444, 1.508, 1.618, 1.467
11-28-2023, 19:01:04:938, 0xCCCC , 5570 , 1.488, 1.497, 23.600, 23.120, 23.680, 23.680, 1.820, 1.541, 1.628, 1.450, 1.462, 1.646, 1.515, 1.445, 1.508, 1.620, 1.468
11-28-2023, 19:01:05:75, 0xCCCC , 5571 , 1.485, 1.496, 23.120, 23.120, 23.680, 23.680, 1.821, 1.539, 1.628, 1.446, 1.462, 1.646, 1.514, 1.442, 1.506, 1.616, 1.467
11-28-2023, 19:01:05:183, 0xCCCC , 5572 , 1.488, 1.499, 23.120, 23.180, 23.680, 23.680, 1.825, 1.547, 1.635, 1.448, 1.470, 1.656, 1.521, 1.453, 1.516, 1.625, 1.477
11-28-2023, 19:01:05:320, 0xCCCC , 5573 , 1.488, 1.496, 23.600, 23.180, 23.680, 23.680, 1.822, 1.541, 1.635, 1.448, 1.470, 1.656, 1.521, 1.453, 1.516, 1.625, 1.477
11-28-2023, 19:01:05:463, 0xCCCC , 5574 , 1.491, 1.501, 23.600, 23.120, 23.680, 23.680, 1.824, 1.545, 1.633, 1.449, 1.464, 1.653, 1.519, 1.449, 1.514, 1.622, 1.474
11-28-2023, 19:01:05:566, 0xCCCC , 5575 , 1.484, 1.497, 23.120, 23.120, 23.680, 23.680, 1.818, 1.537, 1.625, 1.443, 1.453, 1.640, 1.510, 1.440, 1.505, 1.612, 1.467
11-28-2023, 19:01:05:669, 0xCCCC , 5576 , 1.487, 1.500, 23.120, 23.180, 23.620, 23.680, 1.828, 1.552, 1.642, 1.453, 1.471, 1.659, 1.525, 1.456, 1.522, 1.626, 1.480
11-28-2023, 19:01:05:815, 0xCCCC , 5577 , 1.488, 1.497, 23.120, 23.180, 23.620, 23.680, 1.828, 1.552, 1.642, 1.453, 1.471, 1.659, 1.525, 1.456, 1.522, 1.626, 1.480
11-28-2023, 19:01:05:964, 0xCCCC , 5578 , 1.489, 1.497, 23.600, 23.180, 23.680, 23.680, 1.824, 1.544, 1.632, 1.448, 1.461, 1.645, 1.516, 1.448, 1.511, 1.621, 1.473
11-28-2023, 19:01:06:72, 0xCCCC , 5579 , 1.486, 1.500, 23.600, 23.180, 23.680, 23.680, 1.820, 1.538, 1.626, 1.442, 1.452, 1.645, 1.508, 1.438, 1.503, 1.612, 1.467
11-28-2023, 19:01:06:209, 0xCCCC , 5580 , 1.486, 1.497, 23.600, 23.120, 23.620, 23.680, 1.829, 1.545, 1.643, 1.453, 1.469, 1.659, 1.524, 1.456, 1.520, 1.621, 1.477
11-28-2023, 19:01:06:312, 0xCCCC , 5581 , 1.486, 1.495, 23.600, 23.120, 23.620, 23.680, 1.818, 1.536, 1.621, 1.444, 1.453, 1.639, 1.506, 1.444, 1.509, 1.614, 1.468
11-28-2023, 19:01:06:451, 0xCCCC , 5582 , 1.488, 1.499, 23.120, 23.120, 23.680, 23.680, 1.823, 1.541, 1.626, 1.445, 1.459, 1.645, 1.512, 1.445, 1.507, 1.619, 1.470
11-28-2023, 19:01:06:556, 0xCCCC , 5583 , 1.489, 1.498, 23.120, 23.120, 23.680, 23.680, 1.823, 1.542, 1.629, 1.447, 1.457, 1.642, 1.511, 1.444, 1.505, 1.618, 1.468
11-28-2023, 19:01:06:698, 0xCCCC , 5584 , 1.486, 1.497, 23.120, 23.180, 23.620, 23.680, 1.826, 1.547, 1.637, 1.453, 1.468, 1.654, 1.522, 1.453, 1.516, 1.618, 1.473
11-28-2023, 19:01:06:803, 0xCCCC , 5585 , 1.489, 1.500, 23.120, 23.180, 23.620, 23.680, 1.825, 1.544, 1.634, 1.449, 1.464, 1.651, 1.519, 1.445, 1.511, 1.618, 1.470
11-28-2023, 19:01:06:942, 0xCCCC , 5586 , 1.489, 1.500, 23.120, 23.180, 23.620, 23.680, 1.825, 1.544, 1.634, 1.449, 1.464, 1.651, 1.519, 1.445, 1.511, 1.618, 1.470
11-28-2023, 19:01:07:79, 0xCCCC , 5587 , 1.488, 1.497, 23.120, 23.120, 23.620, 23.680, 1.818, 1.538, 1.628, 1.446, 1.461, 1.645, 1.513, 1.444, 1.506, 1.618, 1.467
11-28-2023, 19:01:07:182, 0xCCCC , 5588 , 1.490, 1.501, 23.120, 23.120, 23.680, 23.680, 1.828, 1.547, 1.637, 1.445, 1.467, 1.653, 1.522, 1.449, 1.514, 1.619, 1.473
11-28-2023, 19:01:07:330, 0xCCCC , 5589 , 1.488, 1.498, 23.120, 23.120, 23.680, 23.680, 1.827, 1.544, 1.637, 1.448, 1.467, 1.651, 1.524, 1.447, 1.511, 1.621, 1.473
11-28-2023, 19:01:07:434, 0xCCCC , 5590 , 1.485, 1.496, 23.600, 23.120, 23.620, 23.680, 1.820, 1.538, 1.626, 1.444, 1.456, 1.642, 1.511, 1.441, 1.505, 1.612, 1.467
11-28-2023, 19:01:07:542, 0xCCCC , 5591 , 1.487, 1.496, 23.600, 23.120, 23.620, 23.750, 1.823, 1.544, 1.634, 1.450, 1.465, 1.650, 1.520, 1.448, 1.511, 1.621, 1.472
11-28-2023, 19:01:07:682, 0xCCCC , 5592 , 1.489, 1.501, 23.000, 23.120, 23.680, 23.750, 1.820, 1.541, 1.632, 1.448, 1.462, 1.649, 1.517, 1.445, 1.511, 1.621, 1.472
11-28-2023, 19:01:07:821, 0xCCCC , 5593 , 1.490, 1.502, 23.000, 23.120, 23.680, 23.680, 1.823, 1.544, 1.635, 1.453, 1.467, 1.653, 1.519, 1.448, 1.511, 1.625, 1.474
11-28-2023, 19:01:08:63, 0xCCCC , 5594 , 1.486, 1.498, 23.600, 23.120, 23.620, 23.680, 1.820, 1.538, 1.626, 1.442, 1.454, 1.642, 1.510, 1.437, 1.503, 1.613, 1.467
11-28-2023, 19:01:08:168, 0xCCCC , 5596 , 1.491, 1.632, 123.680, 125.120, 3980.750, 3969.560, 1.447, 1.510, 1.623, 1.472, 1.454, 1.642, 1.510, 1.437, 1.503, 1.613, 1.467
11-28-2023, 19:01:08:307, 0xCCCC , 5597 , 1.490, 1.500, 23.600, 23.180, 23.620, 23.680, 1.826, 1.547, 1.640, 1.447, 1.468, 1.656, 1.525, 1.451, 1.516, 1.620, 1.474
11-28-2023, 19:01:08:448, 0xCCCC , 5598 , 1.486, 1.495, 23.600, 23.180, 23.620, 23.680, 1.818, 1.538, 1.628, 1.445, 1.460, 1.645, 1.514, 1.442, 1.506, 1.616, 1.468
11-28-2023, 19:01:08:554, 0xCCCC , 5599 , 1.492, 1.495, 23.600, 23.180, 23.620, 23.680, 1.818, 1.538, 1.628, 1.445, 1.460, 1.645, 1.514, 1.442, 1.506, 1.616, 1.468
11-28-2023, 19:01:08:694, 0xCCCC , 5600 , 1.484, 1.496, 23.600, 23.120, 23.620, 23.680, 1.823, 1.546, 1.699, 1.455, 1.483, 1.661, 1.556, 1.453, 1.520, 1.624, 1.476
11-28-2023, 19:01:08:804, 0xCCCC , 5601 , 1.492, 1.502, 23.600, 23.120, 23.620, 23.680, 1.825, 1.547, 1.666, 1.446, 1.478, 1.660, 1.537, 1.453, 1.518, 1.621, 1.473
11-28-2023, 19:01:08:946, 0xCCCC , 5602 , 1.489, 1.498, 23.600, 23.120, 23.620, 23.680, 1.821, 1.541, 1.642, 1.444, 1.467, 1.654, 1.522, 1.449, 1.514, 1.615, 1.471
11-28-2023, 19:01:09:58, 0xCCCC , 5603 , 1.488, 1.497, 23.600, 23.180, 23.620, 23.750, 1.822, 1.540, 1.629, 1.445, 1.462, 1.646, 1.514, 1.445, 1.509, 1.618, 1.470
11-28-2023, 19:01:09:163, 0xCCCC , 5604 , 1.489, 1.496, 23.600, 23.180, 23.620, 23.750, 1.826, 1.547, 1.640, 1.446, 1.467, 1.654, 1.525, 1.452, 1.516, 1.621, 1.475
11-28-2023, 19:01:09:304, 0xCCCC , 5605 , 1.486, 1.497, 23.600, 23.120, 23.680, 23.620, 1.823, 1.547, 1.640, 1.446, 1.467, 1.654, 1.525, 1.452, 1.516, 1.621, 1.475
11-28-2023, 19:01:09:444, 0xCCCC , 5606 , 1.489, 1.501, 23.120, 23.120, 23.680, 23.680, 1.825, 1.545, 1.634, 1.448, 1.466, 1.652, 1.519, 1.448, 1.513, 1.621, 1.472
11-28-2023, 19:01:09:554, 0xCCCC , 5607 , 1.487, 1.499, 23.120, 23.120, 23.680, 23.680, 1.821, 1.540, 1.629, 1.447, 1.461, 1.645, 1.513, 1.442, 1.505, 1.617, 1.470
11-28-2023, 19:01:09:664, 0xCCCC , 5608 , 1.489, 1.499, 23.120, 23.120, 23.680, 23.680, 1.825, 1.546, 1.636, 1.455, 1.473, 1.656, 1.523, 1.456, 1.519, 1.624, 1.477
11-28-2023, 19:01:09:807, 0xCCCC , 5609 , 1.487, 1.499, 23.120, 23.120, 23.680, 23.680, 1.825, 1.546, 1.636, 1.455, 1.473, 1.656, 1.523, 1.456, 1.519, 1.624, 1.477
11-28-2023, 19:01:09:912, 0xCCCC , 5610 , 1.488, 1.498, 23.600, 23.180, 23.620, 23.680, 1.821, 1.536, 1.478, 1.445, 1.478, 1.653, 1.575, 1.445, 1.509, 1.621, 1.472
11-28-2023, 19:01:10:54, 0xCCCC , 5611 , 1.486, 1.498, 23.120, 23.180, 23.620, 23.680, 1.820, 1.539, 1.568, 1.445, 1.461, 1.645, 1.516, 1.437, 1.503, 1.616, 1.470
11-28-2023, 19:01:10:165, 0xCCCC , 5612 , 1.490, 1.502, 23.120, 23.180, 23.620, 23.680, 1.828, 1.549, 1.612, 1.451, 1.474, 1.662, 1.524, 1.457, 1.522, 1.628, 1.480
11-28-2023, 19:01:10:277, 0xCCCC , 5613 , 1.488, 1.498, 23.600, 23.180, 23.620, 23.680, 1.820, 1.538, 1.612, 1.444, 1.459, 1.645, 1.508, 1.442, 1.506, 1.616, 1.468
11-28-2023, 19:01:10:421, 0xCCCC , 5614 , 1.489, 1.496, 23.600, 23.180, 23.620, 23.680, 1.820, 1.538, 1.612, 1.444, 1.459, 1.645, 1.508, 1.442, 1.506, 1.616, 1.468
11-28-2023, 19:01:10:560, 0xCCCC , 5615 , 1.484, 1.496, 23.600, 23.120, 23.620, 23.680, 1.819, 1.537, 1.621, 1.442, 1.453, 1.642, 1.505, 1.438, 1.503, 1.615, 1.467
11-28-2023, 19:01:10:663, 0xCCCC , 5616 , 1.489, 1.498, 23.600, 23.120, 23.620, 23.680, 1.826, 1.547, 1.634, 1.456, 1.470, 1.656, 1.522, 1.457, 1.519, 1.626, 1.478
11-28-2023, 19:01:10:798, 0xCCCC , 5617 , 1.484, 1.497, 23.600, 23.180, 23.620, 23.680, 1.822, 1.541, 1.625, 1.447, 1.459, 1.648, 1.512, 1.444, 1.508, 1.619, 1.470
11-28-2023, 19:01:10:903, 0xCCCC , 5618 , 1.490, 1.503, 23.600, 23.180, 23.620, 23.680, 1.827, 1.544, 1.628, 1.449, 1.459, 1.646, 1.512, 1.445, 1.508, 1.621, 1.472
11-28-2023, 19:01:11:43, 0xCCCC , 5619 , 1.486, 1.498, 23.600, 23.180, 23.680, 23.680, 1.827, 1.544, 1.628, 1.449, 1.459, 1.646, 1.512, 1.445, 1.508, 1.621, 1.472
11-28-2023, 19:01:11:181, 0xCCCC , 5620 , 1.489, 1.497, 23.600, 23.180, 23.680, 23.680, 1.825, 1.547, 1.635, 1.451, 1.468, 1.654, 1.522, 1.453, 1.516, 1.624, 1.476
11-28-2023, 19:01:11:289, 0xCCCC , 5621 , 1.486, 1.498, 23.600, 23.180, 23.620, 23.680, 1.823, 1.544, 1.628, 1.450, 1.462, 1.645, 1.514, 1.446, 1.508, 1.619, 1.471
11-28-2023, 19:01:11:432, 0xCCCC , 5622 , 1.486, 1.500, 23.600, 23.180, 23.620, 23.680, 1.819, 1.537, 1.621, 1.445, 1.452, 1.643, 1.505, 1.440, 1.504, 1.615, 1.467
11-28-2023, 19:01:11:538, 0xCCCC , 5623 , 1.487, 1.500, 23.600, 23.120, 23.680, 23.680, 1.824, 1.543, 1.627, 1.447, 1.457, 1.646, 1.511, 1.442, 1.507, 1.619, 1.470
11-28-2023, 19:01:11:676, 0xCCCC , 5624 , 1.489, 1.497, 23.600, 23.180, 23.620, 23.680, 1.826, 1.548, 1.636, 1.448, 1.470, 1.654, 1.522, 1.442, 1.507, 1.619, 1.470
11-28-2023, 19:01:11:783, 0xCCCC , 5625 , 1.490, 1.501, 23.120, 23.180, 23.620, 23.680, 1.824, 1.543, 1.630, 1.448, 1.464, 1.651, 1.516, 1.448, 1.511, 1.621, 1.473
11-28-2023, 19:01:11:929, 0xCCCC , 5626 , 1.487, 1.497, 23.120, 23.120, 23.680, 23.750, 1.817, 1.537, 1.623, 1.442, 1.454, 1.642, 1.506, 1.439, 1.501, 1.613, 1.467
11-28-2023, 19:01:12:36, 0xCCCC , 5627 , 1.487, 1.499, 23.600, 23.120, 23.680, 23.750, 1.824, 1.544, 1.634, 1.450, 1.468, 1.653, 1.520, 1.448, 1.513, 1.623, 1.472
11-28-2023, 19:01:12:180, 0xCCCC , 5628 , 1.488, 1.498, 23.600, 23.180, 23.680, 23.680, 1.824, 1.544, 1.634, 1.450, 1.468, 1.653, 1.520, 1.448, 1.513, 1.623, 1.472
11-28-2023, 19:01:12:284, 0xCCCC , 5629 , 1.493, 1.502, 23.600, 23.180, 23.680, 23.680, 1.826, 1.547, 1.637, 1.453, 1.467, 1.651, 1.522, 1.452, 1.512, 1.626, 1.475
11-28-2023, 19:01:12:422, 0xCCCC , 5630 , 1.486, 1.497, 23.600, 23.120, 23.620, 23.680, 1.819, 1.537, 1.623, 1.445, 1.457, 1.640, 1.511, 1.443, 1.508, 1.618, 1.465
11-28-2023, 19:01:12:537, 0xCCCC , 5631 , 1.490, 1.500, 23.600, 23.120, 23.620, 23.680, 1.825, 1.544, 1.632, 1.449, 1.465, 1.649, 1.519, 1.448, 1.510, 1.623, 1.473
11-28-2023, 19:01:12:651, 0xCCCC , 5633 , 21.193, 21.381, 4016.600, 4016.560, 3968.500, 4016.500, 33.576, 35.076, 38.265, 37.890, 4.319, 33.764, 2.256, 30.950, 1.510, 1.623, 1.473
11-28-2023, 19:01:12:795, 0xCCCC , 5633 , 1.491, 1.499, 23.600, 23.120, 23.680, 23.680, 1.826, 1.547, 1.637, 1.445, 1.470, 1.653, 2.256, 30.950, 1.510, 1.623, 1.473
11-28-2023, 19:01:12:931, 0xCCCC , 5634 , 1.486, 1.500, 23.600, 23.120, 23.680, 23.680, 1.821, 1.541, 1.629, 1.445, 1.459, 1.644, 1.514, 1.440, 1.505, 1.613, 1.468
11-28-2023, 19:01:13:36, 0xCCCC , 5635 , 1.484, 1.495, 23.600, 23.120, 23.680, 23.680, 1.819, 1.540, 1.626, 1.447, 1.457, 1.644, 1.512, 1.442, 1.506, 1.618, 1.466
11-28-2023, 19:01:13:144, 0xCCCC , 5636 , 1.490, 1.501, 23.600, 23.120, 23.680, 23.680, 1.824, 1.547, 1.638, 1.453, 1.466, 1.653, 1.525, 1.448, 1.512, 1.624, 1.473
11-28-2023, 19:01:13:287, 0xCCCC , 5637 , 1.490, 1.501, 23.600, 23.120, 23.680, 23.680, 1.824, 1.547, 1.638, 1.453, 1.466, 1.653, 1.525, 1.448, 1.512, 1.624, 1.473
11-28-2023, 19:01:13:428, 0xCCCC , 5638 , 1.486, 1.498, 23.600, 23.120, 23.680, 23.680, 1.820, 1.539, 1.629, 1.447, 1.459, 1.646, 1.513, 1.442, 1.506, 1.619, 1.468
11-28-2023, 19:01:13:529, 0xCCCC , 5639 , 1.484, 1.496, 23.600, 23.120, 23.680, 23.680, 1.819, 1.538, 1.624, 1.446, 1.454, 1.642, 1.509, 1.440, 1.503, 1.618, 1.466
11-28-2023, 19:01:13:638, 0xCCCC , 5640 , 1.492, 1.501, 23.600, 23.120, 23.680, 23.680, 1.826, 1.548, 1.637, 1.448, 1.468, 1.655, 1.522, 1.451, 1.515, 1.619, 1.474
11-28-2023, 19:01:13:780, 0xCCCC , 5641 , 1.492, 1.501, 23.600, 23.120, 23.680, 23.680, 1.826, 1.548, 1.637, 1.448, 1.468, 1.655, 1.522, 1.451, 1.515, 1.619, 1.474
11-28-2023, 19:01:13:924, 0xCCCC , 5642 , 1.488, 1.500, 23.600, 23.120, 23.620, 23.680, 1.823, 1.544, 1.632, 1.450, 1.468, 1.655, 1.522, 1.451, 1.515, 1.619, 1.474
11-28-2023, 19:01:14:32, 0xCCCC , 5643 , 1.487, 1.497, 23.600, 23.120, 23.620, 23.680, 1.817, 1.536, 1.620, 1.441, 1.453, 1.640, 1.506, 1.441, 1.507, 1.612, 1.465
11-28-2023, 19:01:14:169, 0xCCCC , 5644 , 1.488, 1.500, 23.600, 23.120, 23.620, 23.680, 1.828, 1.549, 1.638, 1.448, 1.468, 1.656, 1.524, 1.455, 1.519, 1.624, 1.478
11-28-2023, 19:01:14:271, 0xCCCC , 5645 , 1.488, 1.497, 23.600, 23.120, 23.620, 23.680, 1.824, 1.541, 1.623, 1.445, 1.461, 1.645, 1.511, 1.443, 1.506, 1.615, 1.468
11-28-2023, 19:01:14:408, 0xCCCC , 5646 , 1.489, 1.500, 23.600, 23.120, 23.620, 23.680, 1.824, 1.541, 1.623, 1.445, 1.461, 1.645, 1.511, 1.443, 1.506, 1.615, 1.468
11-28-2023, 19:01:14:548, 0xCCCC , 5647 , 1.486, 1.498, 23.600, 23.120, 23.620, 23.680, 1.821, 1.539, 1.626, 1.443, 1.453, 1.645, 1.508, 1.437, 1.503, 1.612, 1.466
11-28-2023, 19:01:14:655, 0xCCCC , 5648 , 1.486, 1.499, 23.600, 23.180, 23.620, 23.680, 1.826, 1.547, 1.637, 1.449, 1.470, 1.656, 1.523, 1.457, 1.520, 1.624, 1.477
11-28-2023, 19:01:14:801, 0xCCCC , 5649 , 1.486, 1.500, 23.600, 23.180, 23.620, 23.680, 1.821, 1.541, 1.626, 1.445, 1.459, 1.645, 1.513, 1.442, 1.507, 1.615, 1.467
11-28-2023, 19:01:14:908, 0xCCCC , 5650 , 1.486, 1.500, 23.600, 23.120, 23.680, 23.680, 1.820, 1.544, 1.628, 1.448, 1.459, 1.647, 1.514, 1.445, 1.508, 1.618, 1.470
11-28-2023, 19:01:15:13, 0xCCCC , 5651 , 1.485, 1.497, 23.600, 23.120, 23.620, 23.680, 1.821, 1.540, 1.621, 1.445, 1.456, 1.642, 1.507, 1.440, 1.505, 1.615, 1.466
11-28-2023, 19:01:15:163, 0xCCCC , 5652 , 1.487, 1.498, 23.600, 23.120, 23.620, 23.680, 1.827, 1.548, 1.637, 1.448, 1.468, 1.656, 1.522, 1.454, 1.519, 1.624, 1.478
11-28-2023, 19:01:15:271, 0xCCCC , 5653 , 1.486, 1.495, 23.600, 23.120, 23.620, 23.680, 1.823, 1.543, 1.629, 1.448, 1.461, 1.648, 1.514, 1.444, 1.508, 1.618, 1.468
11-28-2023, 19:01:15:412, 0xCCCC , 5654 , 1.486, 1.497, 23.600, 23.120, 23.620, 23.680, 1.821, 1.540, 1.624, 1.445, 1.456, 1.644, 1.510, 1.445, 1.508, 1.615, 1.470
11-28-2023, 19:01:15:519, 0xCCCC , 5655 , 1.488, 1.500, 23.600, 23.180, 23.620, 23.680, 1.822, 1.542, 1.629, 1.448, 1.462, 1.645, 1.514, 1.444, 1.506, 1.618, 1.467
11-28-2023, 19:01:15:660, 0xCCCC , 5656 , 1.488, 1.497, 23.600, 23.180, 23.620, 23.680, 1.824, 1.547, 1.638, 1.448, 1.467, 1.653, 1.525, 1.444, 1.506, 1.618, 1.467
11-28-2023, 19:01:15:769, 0xCCCC , 5657 , 1.488, 1.497, 23.600, 23.180, 23.620, 23.750, 1.821, 1.539, 1.627, 1.446, 1.460, 1.645, 1.514, 1.445, 1.508, 1.620, 1.468
11-28-2023, 19:01:15:907, 0xCCCC , 5658 , 1.486, 1.495, 23.600, 23.180, 23.620, 23.750, 1.821, 1.541, 1.629, 1.445, 1.456, 1.643, 1.512, 1.440, 1.503, 1.615, 1.469
11-28-2023, 19:01:16:14, 0xCCCC , 5659 , 1.488, 1.497, 23.600, 23.180, 23.620, 23.680, 1.822, 1.541, 1.626, 1.449, 1.463, 1.647, 1.514, 1.446, 1.509, 1.622, 1.472
11-28-2023, 19:01:16:155, 0xCCCC , 5660 , 1.487, 1.497, 23.600, 23.180, 23.620, 23.680, 1.824, 1.541, 1.626, 1.449, 1.463, 1.647, 1.514, 1.446, 1.509, 1.622, 1.472
11-28-2023, 19:01:16:402, 0xCCCC , 5661 , 1.491, 1.500, 23.600, 23.120, 23.620, 23.680, 1.826, 1.547, 1.638, 1.453, 1.465, 1.651, 1.524, 1.448, 1.512, 1.624, 1.475
11-28-2023, 19:01:16:506, 0xCCCC , 5663 , 1.486, 1.497, 23.600, 23.120, 23.620, 23.680, 1.823, 1.540, 1.632, 1.446, 1.462, 1.644, 1.517, 1.444, 1.508, 1.619, 1.469
11-28-2023, 19:01:16:641, 0xCCCC , 5664 , 1.488, 1.497, 23.600, 23.120, 23.620, 23.680, 1.823, 1.540, 1.632, 1.446, 1.462, 1.644, 1.517, 1.444, 1.508, 1.619, 1.469
11-28-2023, 19:01:16:779, 0xCCCC , 5665 , 1.486, 1.497, 23.600, 23.120, 23.620, 23.680, 1.823, 1.543, 1.634, 1.451, 1.465, 1.644, 1.517, 1.444, 1.508, 1.619, 1.469
11-28-2023, 19:01:16:917, 0xCCCC , 5666 , 1.487, 1.500, 23.600, 23.120, 23.620, 23.680, 1.822, 1.538, 1.625, 1.442, 1.455, 1.643, 1.508, 1.441, 1.505, 1.612, 1.467
11-28-2023, 19:01:17:23, 0xCCCC , 5667 , 1.486, 1.497, 23.120, 23.120, 23.620, 23.750, 1.826, 1.544, 1.631, 1.448, 1.464, 1.647, 1.517, 1.447, 1.510, 1.621, 1.472
11-28-2023, 19:01:17:157, 0xCCCC , 5668 , 1.487, 1.499, 23.120, 23.120, 23.620, 23.750, 1.823, 1.542, 1.633, 1.450, 1.465, 1.650, 1.518, 1.443, 1.508, 1.623, 1.473
11-28-2023, 19:01:17:399, 0xCCCC , 5669 , 1.486, 1.499, 23.600, 23.180, 23.680, 23.680, 1.824, 1.542, 1.629, 1.450, 1.462, 1.645, 1.515, 1.445, 1.508, 1.623, 1.472
11-28-2023, 19:01:17:512, 0xCCCC , 5671 , 1.418, 1.468, 23.600, 23.180, 23.680, 23.680, 1.826, 1.549, 1.653, 1.445, 1.492, 1.613, 1.517, 1.623, 1.492, 1.615, 1.474
11-28-2023, 19:01:17:653, 0xCCCC , 5672 , 1.423, 1.473, 23.600, 23.180, 23.680, 23.680, 1.822, 1.545, 1.649, 1.442, 1.489, 1.599, 1.508, 1.629, 1.470, 1.607, 1.462
11-28-2023, 19:01:17:754, 0xCCCC , 5673 , 1.421, 1.473, 23.600, 23.180, 23.620, 23.680, 1.825, 1.548, 1.653, 1.440, 1.498, 1.603, 1.514, 1.631, 1.472, 1.610, 1.467
11-28-2023, 19:01:17:893, 0xCCCC , 5674 , 1.420, 1.468, 23.600, 23.180, 23.620, 23.680, 1.825, 1.548, 1.653, 1.440, 1.498, 1.603, 1.514, 1.631, 1.472, 1.610, 1.467
11-28-2023, 19:01:18:31, 0xCCCC , 5675 , 1.401, 1.464, 23.600, 23.180, 23.680, 23.680, 1.823, 1.548, 1.656, 1.441, 1.501, 1.470, 1.516, 1.527, 1.580, 1.610, 1.468
11-28-2023, 19:01:18:140, 0xCCCC , 5676 , 1.490, 1.498, 23.600, 23.180, 23.680, 23.680, 1.822, 1.544, 1.645, 1.441, 1.493, 1.579, 1.506, 1.453, 1.512, 1.607, 1.459
11-28-2023, 19:01:18:279, 0xCCCC , 5677 , 1.420, 1.469, 23.600, 23.180, 23.620, 23.680, 1.824, 1.548, 1.653, 1.440, 1.498, 1.604, 1.510, 1.615, 1.480, 1.612, 1.469
11-28-2023, 19:01:18:383, 0xCCCC , 5678 , 1.420, 1.469, 23.600, 23.180, 23.620, 23.680, 1.818, 1.544, 1.643, 1.441, 1.487, 1.593, 1.503, 1.626, 1.470, 1.604, 1.456
11-28-2023, 19:01:18:520, 0xCCCC , 5679 , 1.401, 1.467, 23.600, 23.180, 23.620, 23.680, 1.818, 1.544, 1.643, 1.441, 1.487, 1.593, 1.503, 1.626, 1.470, 1.604, 1.456
