11-28-2023, 10:44:08:132, sync, seq, vsense, vrefint, temp1, temp2, temp3, temp4, busvmon, busimon, 2v5mov, 3v3mon, 5vmon, n3v3mon, n5vmon, 15vmon, 5vrefmon, n200vmon, n800vmon
11-28-2023, 10:44:08:132, 0xCCCC , 2397 , 1.483, 1.496, 22.250, 22.250, 22.750, 22.870, 1.798, 1.525, 1.623, 1.435, 1.451, 1.642, 1.505, 1.434, 1.501, 1.607, 1.462
11-28-2023, 10:44:08:277, 0xCCCC , 2398 , 1.490, 1.500, 22.250, 22.310, 22.750, 22.870, 1.804, 1.535, 1.634, 1.444, 1.464, 1.650, 1.518, 1.446, 1.509, 1.617, 1.474
11-28-2023, 10:44:08:351, 0xCCCC , 2399 , 1.416, 1.466, 22.180, 22.310, 22.750, 22.810, 1.798, 1.525, 1.621, 1.434, 1.451, 1.641, 1.506, 1.585, 1.498, 1.604, 1.456
11-28-2023, 10:44:08:495, 0xCCCC , 2400 , 1.416, 1.466, 22.180, 22.310, 22.750, 22.810, 1.798, 1.525, 1.621, 1.434, 1.451, 1.641, 1.506, 1.585, 1.498, 1.604, 1.456
11-28-2023, 10:44:08:640, 0xCCCC , 2401 , 1.415, 1.466, 22.180, 22.310, 22.750, 22.810, 1.800, 1.525, 1.620, 1.433, 1.451, 1.641, 1.505, 1.599, 1.495, 1.605, 1.459
11-28-2023, 10:44:08:711, 0xCCCC , 2402 , 1.502, 1.319, 22.180, 22.250, 22.750, 22.810, 1.805, 1.530, 1.628, 1.441, 1.460, 1.644, 1.514, 1.494, 1.509, 1.615, 1.470
11-28-2023, 10:44:08:854, 0xCCCC , 2403 , 1.418, 1.470, 22.180, 22.250, 22.810, 22.810, 1.800, 1.527, 1.621, 1.434, 1.451, 1.642, 1.505, 1.601, 1.497, 1.604, 1.459
11-28-2023, 10:44:09:6, 0xCCCC , 2404 , 1.502, 1.318, 22.180, 22.250, 22.810, 22.810, 1.807, 1.531, 1.629, 1.442, 1.460, 1.646, 1.513, 1.496, 1.509, 1.615, 1.470
11-28-2023, 10:44:09:79, 0xCCCC , 2405 , 1.487, 1.495, 22.180, 22.250, 22.750, 22.810, 1.799, 1.527, 1.619, 1.436, 1.449, 1.640, 1.505, 1.454, 1.503, 1.606, 1.461
11-28-2023, 10:44:09:221, 0xCCCC , 2406 , 1.491, 1.495, 22.180, 22.250, 22.750, 22.810, 1.799, 1.527, 1.619, 1.436, 1.449, 1.640, 1.505, 1.454, 1.503, 1.606, 1.461
11-28-2023, 10:44:09:501, 0xCCCC , 2407 , 1.486, 1.500, 22.180, 22.310, 22.750, 22.810, 1.799, 1.525, 1.623, 1.433, 1.448, 1.638, 1.505, 1.440, 1.505, 1.607, 1.464
11-28-2023, 10:44:09:643, 0xCCCC , 2409 , 1.488, 1.500, 22.250, 22.310, 22.750, 22.810, 1.801, 1.527, 1.621, 1.437, 1.453, 1.645, 1.506, 1.439, 1.503, 1.610, 1.465
11-28-2023, 10:44:09:715, 0xCCCC , 2410 , 1.488, 1.500, 22.180, 22.310, 22.750, 22.810, 1.802, 1.529, 1.621, 1.437, 1.452, 1.645, 1.505, 1.439, 1.504, 1.609, 1.464
11-28-2023, 10:44:09:859, 0xCCCC , 2411 , 1.488, 1.496, 22.180, 22.310, 22.750, 22.810, 1.804, 1.532, 1.628, 1.440, 1.462, 1.647, 1.514, 1.443, 1.507, 1.616, 1.464
11-28-2023, 10:44:10:5, 0xCCCC , 2412 , 1.483, 1.495, 22.180, 22.310, 22.750, 22.810, 1.802, 1.527, 1.623, 1.436, 1.454, 1.638, 1.508, 1.437, 1.503, 1.610, 1.465
11-28-2023, 10:44:10:79, 0xCCCC , 2413 , 1.491, 1.499, 22.180, 22.310, 22.810, 22.810, 1.806, 1.531, 1.626, 1.440, 1.458, 1.642, 1.509, 1.448, 1.509, 1.616, 1.471
11-28-2023, 10:44:10:226, 0xCCCC , 2414 , 1.491, 1.499, 22.180, 22.310, 22.810, 22.810, 1.806, 1.531, 1.626, 1.440, 1.458, 1.642, 1.509, 1.448, 1.509, 1.616, 1.471
11-28-2023, 10:44:10:371, 0xCCCC , 2415 , 1.489, 1.500, 22.180, 22.310, 22.750, 22.810, 1.806, 1.533, 1.631, 1.442, 1.461, 1.647, 1.517, 1.445, 1.510, 1.613, 1.470
11-28-2023, 10:44:10:515, 0xCCCC , 2416 , 1.417, 1.467, 22.250, 22.250, 22.750, 22.810, 1.798, 1.527, 1.618, 1.434, 1.449, 1.641, 1.503, 1.585, 1.499, 1.603, 1.459
11-28-2023, 10:44:10:587, 0xCCCC , 2417 , 1.417, 1.467, 22.250, 22.250, 22.750, 22.810, 1.798, 1.527, 1.618, 1.434, 1.449, 1.641, 1.503, 1.585, 1.499, 1.603, 1.459
11-28-2023, 10:44:10:734, 0xCCCC , 2418 , 1.493, 1.504, 22.180, 22.250, 22.750, 22.870, 1.798, 1.524, 1.615, 1.432, 1.447, 1.639, 1.501, 1.451, 1.502, 1.605, 1.460
11-28-2023, 10:44:10:882, 0xCCCC , 2419 , 1.493, 1.501, 4064.560, 4080.500, 3856.500, 4064.430, 33.201, 38.078, 38.078, 3.381, 35.827, 2.256, 29.825, 1.451, 1.502, 1.605, 1.460
11-28-2023, 10:44:10:954, 0xCCCC , 2420 , 1.488, 1.497, 22.250, 22.250, 22.750, 22.870, 1.801, 1.527, 1.616, 1.434, 1.449, 1.640, 1.503, 1.439, 1.503, 1.607, 1.462
11-28-2023, 10:44:11:100, 0xCCCC , 2421 , 1.487, 1.496, 22.250, 22.310, 22.750, 22.870, 1.807, 1.535, 1.632, 1.442, 1.463, 1.651, 1.519, 1.448, 1.513, 1.617, 1.475
11-28-2023, 10:44:11:247, 0xCCCC , 2422 , 1.487, 1.498, 22.180, 22.310, 22.750, 22.810, 1.797, 1.527, 1.615, 1.434, 1.448, 1.640, 1.503, 1.438, 1.507, 1.606, 1.462
11-28-2023, 10:44:11:389, 0xCCCC , 2423 , 1.489, 1.497, 22.180, 22.250, 22.750, 22.810, 1.802, 1.533, 1.629, 1.443, 1.462, 1.647, 1.516, 1.447, 1.511, 1.615, 1.470
11-28-2023, 10:44:11:462, 0xCCCC , 2424 , 1.484, 1.496, 22.180, 22.250, 22.750, 22.810, 1.799, 1.528, 1.619, 1.437, 1.449, 1.642, 1.504, 1.440, 1.504, 1.608, 1.465
11-28-2023, 10:44:11:605, 0xCCCC , 2425 , 1.488, 1.496, 22.180, 22.310, 22.750, 22.810, 1.801, 1.530, 1.622, 1.438, 1.452, 1.645, 1.505, 1.442, 1.505, 1.612, 1.467
11-28-2023, 10:44:11:749, 0xCCCC , 2426 , 1.487, 1.499, 22.180, 22.310, 22.750, 22.810, 1.801, 1.529, 1.620, 1.437, 1.451, 1.644, 1.503, 1.437, 1.503, 1.610, 1.466
11-28-2023, 10:44:11:820, 0xCCCC , 2427 , 1.418, 1.469, 22.180, 22.250, 22.750, 22.810, 1.801, 1.528, 1.621, 1.436, 1.455, 1.642, 1.506, 1.586, 1.499, 1.611, 1.465
11-28-2023, 10:44:11:965, 0xCCCC , 2428 , 1.500, 1.506, 22.180, 22.250, 22.750, 22.810, 1.801, 1.528, 1.621, 1.436, 1.455, 1.642, 1.506, 1.586, 1.499, 1.611, 1.465
11-28-2023, 10:44:12:111, 0xCCCC , 2429 , 1.492, 1.498, 22.180, 22.250, 22.810, 22.870, 1.804, 1.530, 1.621, 1.434, 1.450, 1.640, 1.504, 1.452, 1.502, 1.605, 1.460
11-28-2023, 10:44:12:256, 0xCCCC , 2430 , 1.492, 1.501, 22.180, 22.250, 22.750, 22.810, 1.800, 1.531, 1.629, 1.438, 1.459, 1.646, 1.513, 1.447, 1.505, 1.610, 1.465
11-28-2023, 10:44:12:329, 0xCCCC , 2431 , 1.416, 1.465, 22.180, 22.310, 22.750, 22.810, 1.801, 1.528, 1.621, 1.436, 1.451, 1.641, 1.505, 1.589, 1.500, 1.607, 1.462
11-28-2023, 10:44:12:475, 0xCCCC , 2432 , 1.499, 1.505, 22.180, 22.310, 22.750, 22.810, 1.803, 1.535, 1.630, 1.442, 1.458, 1.645, 1.514, 1.489, 1.511, 1.613, 1.470
11-28-2023, 10:44:12:620, 0xCCCC , 2433 , 1.418, 1.467, 22.180, 22.250, 22.750, 22.810, 1.800, 1.527, 1.615, 1.434, 1.449, 1.641, 1.502, 1.600, 1.497, 1.607, 1.461
11-28-2023, 10:44:12:836, 0xCCCC , 2434 , 1.418, 1.467, 22.180, 22.250, 22.750, 22.810, 1.800, 1.527, 1.615, 1.434, 1.449, 1.641, 1.502, 1.600, 1.497, 1.607, 1.461
11-28-2023, 10:44:12:982, 0xCCCC , 2436 , 1.503, 1.318, 22.180, 22.310, 22.750, 22.810, 1.808, 1.535, 1.633, 1.443, 1.462, 1.648, 1.517, 1.498, 1.514, 1.616, 1.473
11-28-2023, 10:44:13:128, 0xCCCC , 2437 , 1.418, 1.467, 22.180, 22.250, 22.750, 22.810, 1.794, 1.523, 1.615, 1.437, 1.448, 1.636, 1.502, 1.604, 1.499, 1.608, 1.462
11-28-2023, 10:44:13:200, 0xCCCC , 2438 , 1.501, 1.319, 22.180, 22.250, 22.750, 22.810, 1.804, 1.531, 1.628, 1.439, 1.456, 1.644, 1.512, 1.494, 1.511, 1.615, 1.470
11-28-2023, 10:44:13:345, 0xCCCC , 2439 , 1.489, 1.500, 22.180, 22.310, 22.750, 22.810, 1.801, 1.528, 1.621, 1.436, 1.453, 1.645, 1.504, 1.454, 1.511, 1.615, 1.470
11-28-2023, 10:44:13:529, 0xCCCC , 2440 , 1.489, 1.493, 22.180, 22.310, 22.750, 22.870, 1.804, 1.531, 1.626, 1.440, 1.460, 1.644, 1.514, 1.447, 1.504, 1.616, 1.469
11-28-2023, 10:44:13:601, 0xCCCC , 2441 , 1.415, 1.467, 22.180, 22.310, 22.750, 22.870, 1.801, 1.527, 1.621, 1.434, 1.451, 1.641, 1.505, 1.588, 1.499, 1.607, 1.464
11-28-2023, 10:44:13:747, 0xCCCC , 2442 , 1.506, 31.325, 3968.430, 4032.500, 3888.500, 3968.430, 44.079, 2.069, 28.137, 1.434, 1.451, 1.641, 1.505, 1.588, 1.499, 1.607, 1.464
11-28-2023, 10:44:13:817, 0xCCCC , 2443 , 1.489, 1.495, 22.180, 22.310, 22.750, 22.810, 1.801, 1.531, 1.623, 1.438, 1.455, 1.640, 1.509, 1.457, 1.506, 1.609, 1.465
11-28-2023, 10:44:13:961, 0xCCCC , 2444 , 1.490, 1.497, 22.180, 22.310, 22.750, 22.810, 1.804, 1.530, 1.622, 1.437, 1.452, 1.644, 1.504, 1.446, 1.503, 1.610, 1.466
11-28-2023, 10:44:14:106, 0xCCCC , 2445 , 1.486, 1.498, 22.250, 22.250, 22.750, 22.810, 1.804, 1.532, 1.625, 1.440, 1.455, 1.643, 1.509, 1.442, 1.504, 1.614, 1.469
11-28-2023, 10:44:14:253, 0xCCCC , 2446 , 1.484, 1.497, 22.250, 22.250, 22.680, 22.870, 1.802, 1.530, 1.622, 1.437, 1.452, 1.644, 1.505, 1.437, 1.503, 1.611, 1.466
11-28-2023, 10:44:14:325, 0xCCCC , 2447 , 1.488, 1.500, 22.180, 22.310, 22.680, 22.870, 1.803, 1.531, 1.626, 1.437, 1.458, 1.645, 1.511, 1.442, 1.505, 1.613, 1.470
11-28-2023, 10:44:14:471, 0xCCCC , 2448 , 1.416, 1.465, 22.180, 22.310, 22.750, 22.870, 1.801, 1.525, 1.619, 1.433, 1.451, 1.641, 1.505, 1.585, 1.497, 1.607, 1.463
11-28-2023, 10:44:14:617, 0xCCCC , 2449 , 1.499, 1.507, 22.180, 22.250, 22.750, 22.870, 1.804, 1.533, 1.626, 1.441, 1.454, 1.641, 1.510, 1.486, 1.508, 1.615, 1.471
11-28-2023, 10:44:14:688, 0xCCCC , 2450 , 1.417, 1.467, 22.180, 22.250, 22.750, 22.810, 1.798, 1.527, 1.616, 1.434, 1.447, 1.635, 1.503, 1.601, 1.500, 1.603, 1.459
11-28-2023, 10:44:14:835, 0xCCCC , 2451 , 1.504, 1.317, 22.180, 22.310, 22.750, 22.810, 1.803, 1.527, 1.616, 1.434, 1.447, 1.635, 1.503, 1.601, 1.500, 1.603, 1.459
11-28-2023, 10:44:14:979, 0xCCCC , 2452 , 1.489, 1.499, 22.180, 22.310, 22.750, 22.810, 1.798, 1.526, 1.615, 1.433, 1.450, 1.637, 1.505, 1.453, 1.500, 1.603, 1.459
11-28-2023, 10:44:15:127, 0xCCCC , 2453 , 1.487, 1.498, 22.180, 22.310, 22.750, 22.810, 1.803, 1.531, 1.626, 1.441, 1.462, 1.645, 1.515, 1.451, 1.508, 1.617, 1.471
11-28-2023, 10:44:15:200, 0xCCCC , 2454 , 1.414, 1.465, 22.180, 22.250, 22.810, 22.810, 1.799, 1.526, 1.614, 1.431, 1.585, 1.552, 1.500, 1.574, 1.470, 1.604, 1.462
11-28-2023, 10:44:15:351, 0xCCCC , 2455 , 1.402, 1.464, 22.180, 22.250, 22.810, 22.810, 1.802, 1.533, 1.625, 1.441, 1.502, 1.489, 1.517, 1.520, 1.604, 1.614, 1.470
11-28-2023, 10:44:15:496, 0xCCCC , 2456 , 1.492, 1.502, 22.180, 22.310, 22.750, 22.810, 1.799, 1.529, 1.619, 1.436, 1.464, 1.587, 1.504, 1.464, 1.514, 1.604, 1.461
11-28-2023, 10:44:15:568, 0xCCCC , 2457 , 1.491, 1.502, 22.180, 22.310, 22.750, 22.810, 1.799, 1.529, 1.619, 1.436, 1.464, 1.587, 1.504, 1.464, 1.514, 1.604, 1.461
11-28-2023, 10:44:15:714, 0xCCCC , 2458 , 1.418, 1.464, 22.180, 22.310, 22.750, 22.810, 1.801, 1.530, 1.621, 1.438, 1.458, 1.629, 1.506, 1.592, 1.500, 1.611, 1.465
11-28-2023, 10:44:15:859, 0xCCCC , 2459 , 1.499, 1.508, 22.180, 22.310, 22.750, 22.810, 1.804, 1.531, 1.625, 1.440, 1.458, 1.640, 1.508, 1.489, 1.513, 1.614, 1.470
11-28-2023, 10:44:15:931, 0xCCCC , 2460 , 1.418, 1.464, 22.180, 22.250, 22.750, 22.810, 1.799, 1.527, 1.618, 1.437, 1.451, 1.641, 1.503, 1.602, 1.497, 1.610, 1.465
11-28-2023, 10:44:16:218, 0xCCCC , 2461 , 1.418, 1.464, 22.180, 22.250, 22.750, 22.810, 1.799, 1.527, 1.618, 1.437, 1.451, 1.641, 1.503, 1.602, 1.497, 1.610, 1.465
11-28-2023, 10:44:16:364, 0xCCCC , 2463 , 1.418, 1.465, 22.180, 22.310, 22.810, 22.810, 1.804, 1.530, 1.620, 1.436, 1.451, 1.641, 1.505, 1.592, 1.495, 1.609, 1.464
11-28-2023, 10:44:16:436, 0xCCCC , 2464 , 1.500, 1.508, 22.180, 22.310, 22.810, 22.810, 1.801, 1.532, 1.624, 1.440, 1.456, 1.643, 1.510, 1.489, 1.510, 1.612, 1.468
11-28-2023, 10:44:16:584, 0xCCCC , 2465 , 1.489, 1.497, 22.180, 22.310, 22.750, 22.810, 1.801, 1.530, 1.622, 1.436, 1.448, 1.643, 1.510, 1.489, 1.510, 1.612, 1.468
11-28-2023, 10:44:16:729, 0xCCCC , 2466 , 1.492, 1.499, 22.250, 22.250, 22.750, 22.810, 1.803, 1.533, 1.626, 1.443, 1.461, 1.645, 1.514, 1.451, 1.506, 1.615, 1.471
11-28-2023, 10:44:16:872, 0xCCCC , 2467 , 1.416, 1.467, 22.250, 22.250, 22.750, 22.870, 1.799, 1.526, 1.615, 1.432, 1.445, 1.633, 1.501, 1.587, 1.500, 1.603, 1.459
11-28-2023, 10:44:16:945, 0xCCCC , 2468 , 1.498, 1.505, 22.250, 22.250, 22.750, 22.870, 1.807, 1.532, 1.630, 1.442, 1.462, 1.642, 1.517, 1.491, 1.511, 1.615, 1.472
11-28-2023, 10:44:17:92, 0xCCCC , 2469 , 1.491, 1.501, 22.250, 22.250, 22.750, 22.810, 1.799, 1.525, 1.615, 1.433, 1.449, 1.638, 1.503, 1.451, 1.511, 1.615, 1.472
11-28-2023, 10:44:17:236, 0xCCCC , 2470 , 1.489, 1.500, 22.180, 22.310, 22.750, 22.810, 1.804, 1.536, 1.631, 1.443, 1.465, 1.650, 1.517, 1.451, 1.508, 1.617, 1.472
11-28-2023, 10:44:17:308, 0xCCCC , 2471 , 1.485, 1.495, 22.180, 22.310, 22.750, 22.810, 1.798, 1.524, 1.612, 1.433, 1.450, 1.640, 1.503, 1.440, 1.504, 1.607, 1.460
11-28-2023, 10:44:17:456, 0xCCCC , 2472 , 1.489, 1.499, 22.180, 22.250, 22.750, 22.810, 1.804, 1.532, 1.626, 1.439, 1.456, 1.644, 1.510, 1.444, 1.508, 1.614, 1.470
11-28-2023, 10:44:17:602, 0xCCCC , 2473 , 1.485, 1.497, 22.180, 22.250, 22.810, 22.810, 1.801, 1.528, 1.621, 1.435, 1.453, 1.642, 1.507, 1.437, 1.508, 1.614, 1.470
11-28-2023, 10:44:17:674, 0xCCCC , 2474 , 1.484, 1.495, 22.250, 22.310, 22.810, 22.810, 1.807, 1.530, 1.626, 1.439, 1.460, 1.642, 1.514, 1.442, 1.505, 1.614, 1.470
11-28-2023, 10:44:17:822, 0xCCCC , 2475 , 1.483, 1.496, 22.250, 22.310, 22.750, 22.810, 1.801, 1.527, 1.619, 1.434, 1.451, 1.639, 1.503, 1.436, 1.503, 1.608, 1.464
11-28-2023, 10:44:17:968, 0xCCCC , 2476 , 1.486, 1.496, 22.180, 22.250, 22.750, 22.810, 1.801, 1.529, 1.622, 1.438, 1.454, 1.637, 1.507, 1.443, 1.508, 1.612, 1.469
11-28-2023, 10:44:18:41, 0xCCCC , 2477 , 1.487, 1.500, 22.180, 22.250, 22.750, 22.810, 1.801, 1.530, 1.623, 1.440, 1.455, 1.641, 1.508, 1.439, 1.501, 1.610, 1.466
11-28-2023, 10:44:18:185, 0xCCCC , 2478 , 1.486, 1.495, 22.180, 22.250, 22.750, 22.810, 1.801, 1.530, 1.623, 1.440, 1.455, 1.641, 1.508, 1.439, 1.501, 1.610, 1.466
11-28-2023, 10:44:18:329, 0xCCCC , 2479 , 1.485, 1.497, 22.180, 22.250, 22.810, 22.810, 1.804, 1.531, 1.621, 1.437, 1.454, 1.641, 1.507, 1.438, 1.501, 1.610, 1.466
11-28-2023, 10:44:18:471, 0xCCCC , 2480 , 1.486, 1.497, 22.180, 22.310, 22.810, 22.810, 1.803, 1.530, 1.624, 1.437, 1.451, 1.640, 1.508, 1.438, 1.505, 1.606, 1.462
11-28-2023, 10:44:18:616, 0xCCCC , 2481 , 1.487, 1.498, 22.180, 22.310, 22.750, 22.810, 1.801, 1.531, 1.625, 1.440, 1.459, 1.641, 1.512, 1.439, 1.501, 1.610, 1.467
11-28-2023, 10:44:18:688, 0xCCCC , 2482 , 1.417, 1.467, 22.180, 22.310, 22.750, 22.810, 1.801, 1.528, 1.619, 1.434, 1.451, 1.641, 1.505, 1.581, 1.496, 1.607, 1.462
11-28-2023, 10:44:18:835, 0xCCCC , 2483 , 1.497, 1.502, 22.180, 22.250, 22.750, 22.810, 1.802, 1.533, 1.623, 1.442, 1.456, 1.642, 1.511, 1.488, 1.511, 1.612, 1.469
